16:20:02.661 -> Começo do loop
16:20:02.661 -> i) Temp1: ## | Temp2: ## | Pressao: ## | DutyCycle: ## | Estado Compressor: ##
16:20:02.708 -> 0 0.00 1058.72 0.00 1
16:20:10.494 -> 1 0.00 1094.23 0.00 1
16:20:20.470 -> 2 0.00 1093.76 0.00 1
16:20:30.501 -> 3 0.00 1089.65 0.00 1
16:20:40.494 -> 4 0.00 1091.53 0.00 1
16:20:50.536 -> 5 0.00 1095.90 0.00 1
16:21:00.530 -> 6 0.00 1100.40 0.00 1
16:21:10.519 -> 7 0.00 1096.96 0.00 1
16:21:20.541 -> 8 0.00 1100.32 0.00 1
16:21:30.548 -> 9 0.00 1097.43 0.00 1
16:21:40.564 -> 10 0.00 1104.12 0.00 1
16:21:50.585 -> 11 0.00 1102.68 0.00 1
16:22:00.575 -> 12 0.00 1107.89 0.00 1
16:22:10.608 -> 13 0.00 1104.63 0.00 1
16:22:20.586 -> 14 0.00 1107.20 0.00 1
16:22:30.592 -> 15 0.00 1115.13 0.00 1
16:22:40.612 -> 16 0.00 1110.67 0.00 1
16:22:50.617 -> 17 0.00 1125.14 0.00 1
16:23:00.655 -> 18 0.00 1126.42 0.00 1
16:23:10.626 -> 19 0.00 1141.51 0.00 1
16:23:20.639 -> 20 0.00 1164.13 0.00 1
16:23:30.666 -> 21 0.00 1244.81 0.00 1
16:23:40.690 -> 22 0.00 1353.49 0.00 1
16:23:50.663 -> 23 0.00 1462.73 0.00 1
16:24:00.693 -> 24 0.00 1546.62 0.00 1
16:24:10.682 -> 25 0.00 1627.94 0.00 1
16:24:20.693 -> 26 0.00 1699.51 0.00 1
16:24:30.733 -> 27 0.00 1765.02 0.00 1
16:24:40.710 -> 28 0.00 1822.21 0.00 1
16:24:50.733 -> 29 0.00 1875.06 0.00 1
16:25:00.747 -> 30 0.00 1931.57 0.00 1
16:25:10.764 -> 31 0.00 1982.79 0.00 1
16:25:20.760 -> 32 0.00 2029.14 0.00 1
16:25:30.756 -> 33 0.00 2068.47 0.00 1
16:25:40.774 -> 34 0.00 2103.14 0.00 1
16:25:50.784 -> 35 0.00 2143.71 0.00 1
16:26:00.779 -> 36 0.00 2176.83 0.00 1
16:26:10.815 -> 37 0.00 2207.62 0.00 1
16:26:20.818 -> 38 0.00 2236.39 0.00 1
16:26:30.803 -> 39 0.00 2265.54 0.00 1
16:26:40.850 -> 40 0.00 2295.93 0.00 1
16:26:50.834 -> 41 0.00 2326.85 0.00 1
16:27:00.863 -> 42 0.00 2351.10 0.00 1
16:27:10.862 -> 43 0.00 2372.90 0.00 1
16:27:20.852 -> 44 0.00 2398.47 0.00 1
16:27:30.890 -> 45 0.00 2417.12 0.00 1
16:27:40.884 -> 46 0.00 2439.28 0.00 1
16:27:50.897 -> 47 0.00 2462.18 0.00 1
16:28:00.901 -> 48 0.00 2477.15 0.00 1
16:28:10.899 -> 49 0.00 2496.00 0.00 1
16:28:20.899 -> 50 0.00 2513.93 0.00 1
16:28:30.936 -> 51 0.00 2527.65 0.00 1
16:28:40.944 -> 52 0.00 2541.87 0.00 1
16:28:50.942 -> 53 0.00 2555.66 0.00 1
16:29:00.948 -> 54 0.00 2566.46 0.00 1
16:29:10.959 -> 55 0.00 2582.89 0.00 1
16:29:20.960 -> 56 0.00 2587.43 0.00 1
16:29:31.004 -> 57 0.00 2607.01 0.00 1
16:29:40.991 -> 58 0.00 2611.52 0.00 1
16:29:50.993 -> 59 0.00 2621.39 0.00 1
16:30:01.029 -> 60 0.00 2628.26 0.00 1
16:30:11.038 -> 61 0.00 2634.16 0.00 1
16:30:21.028 -> 62 0.00 2644.50 0.00 1
16:30:31.026 -> 63 0.00 2647.68 0.00 1
16:30:41.065 -> 64 0.00 2655.19 0.00 1
16:30:51.060 -> 65 0.00 2663.00 0.00 1
16:31:01.061 -> 66 0.00 2673.76 0.00 1
16:31:11.078 -> 67 0.00 2675.11 0.00 1
16:31:21.091 -> 68 0.00 2674.98 0.00 1
16:31:31.115 -> 69 0.00 2680.13 0.00 1
16:31:41.112 -> 70 0.00 2684.65 0.00 1
16:31:51.126 -> 71 0.00 2694.17 0.00 1
16:32:01.126 -> 72 0.00 2697.35 0.00 1
16:32:11.127 -> 73 0.00 2697.08 0.00 1
16:32:21.139 -> 74 0.00 2708.00 0.00 1
16:32:31.125 -> 75 0.00 2713.16 0.00 1
16:32:41.165 -> 76 0.00 2711.43 0.00 1
16:32:51.166 -> 77 0.00 2712.13 0.00 1
16:33:01.164 -> 78 0.00 2725.28 0.00 1
16:33:11.207 -> 79 0.00 2724.58 0.00 1
16:33:21.204 -> 80 0.00 2722.03 0.00 1
16:33:31.194 -> 81 0.00 2727.92 0.00 1
16:33:41.232 -> 82 0.00 2729.29 0.00 1
16:33:51.211 -> 83 0.00 2737.66 0.00 1
16:34:01.224 -> 84 0.00 2740.93 0.00 1
16:34:11.226 -> 85 0.00 2741.91 0.00 1
16:34:21.253 -> 86 0.00 2747.17 0.00 1
16:34:31.264 -> 87 0.00 2749.00 0.00 1
16:34:41.280 -> 88 0.00 2746.21 0.00 1
16:34:51.286 -> 89 0.00 2747.94 0.00 1
16:35:01.303 -> 90 0.00 2754.11 0.00 1
16:35:11.279 -> 91 0.00 2764.05 0.00 1
16:35:21.286 -> 92 0.00 2765.53 0.00 1
16:35:31.305 -> 93 0.00 2758.10 0.00 1
16:35:41.321 -> 94 0.00 2768.26 0.00 1
16:35:51.345 -> 95 0.00 2773.77 0.00 1
16:36:01.344 -> 96 0.00 2782.56 0.00 1
16:36:11.354 -> 97 0.00 2780.99 0.00 1
16:36:21.338 -> 98 0.00 2781.92 0.00 1
16:36:31.374 -> 99 0.00 2786.79 0.00 1
16:36:41.399 -> 100 0.00 2794.09 0.00 1
16:36:51.379 -> 101 0.00 2799.20 0.00 1
16:37:01.416 -> 102 0.00 2795.64 0.00 1
16:37:11.384 -> 103 0.00 2799.26 0.00 1
16:37:21.428 -> 104 0.00 2812.22 0.00 1
16:37:31.442 -> 105 0.00 2820.47 0.00 1
16:37:41.431 -> 106 0.00 2819.29 0.00 1
16:37:51.420 -> 107 0.00 2825.21 0.00 1
16:38:01.453 -> 108 0.00 2837.54 0.00 1
16:38:11.446 -> 109 0.00 2834.97 0.00 1
16:38:21.483 -> 110 0.00 2846.60 0.00 1
16:38:31.465 -> 111 0.00 2849.09 0.00 1
16:38:41.479 -> 112 0.00 2857.54 0.00 1
16:38:51.512 -> 113 0.00 2862.49 0.00 1
16:39:01.490 -> 114 0.00 2865.79 0.00 1
16:39:11.523 -> 115 0.00 2870.41 0.00 1
16:39:21.516 -> 116 0.00 2872.47 0.00 1
16:39:31.509 -> 117 0.00 2884.54 0.00 1
16:39:41.554 -> 118 0.00 2890.02 0.00 1
16:39:51.544 -> 119 0.00 2891.98 0.00 1
16:40:01.578 -> 120 0.00 2900.53 0.00 1
16:40:11.569 -> 121 0.00 2908.20 0.00 1
16:40:21.578 -> 122 0.00 2905.51 0.00 1
16:40:31.567 -> 123 0.00 2911.86 0.00 1
16:40:41.588 -> 124 0.00 2925.16 0.00 1
16:40:51.616 -> 125 0.00 2929.95 0.00 1
16:41:01.618 -> 126 0.00 2930.95 0.00 1
16:41:11.629 -> 127 0.00 2941.22 0.00 1
16:41:21.622 -> 128 0.00 2946.09 0.00 1
16:41:31.646 -> 129 0.00 2948.50 0.00 1
16:41:41.638 -> 130 0.00 2957.48 0.00 1
16:41:51.661 -> 131 0.00 2968.24 0.00 1
16:42:01.674 -> 132 0.00 2979.99 0.00 1
16:42:11.700 -> 133 0.00 2982.26 0.00 1
16:42:21.684 -> 134 0.00 2987.59 0.00 1
16:42:31.713 -> 135 0.00 2994.41 0.00 1
16:42:41.719 -> 136 0.00 3000.34 0.00 1
16:42:51.703 -> 137 0.00 3013.10 0.00 1
16:43:01.714 -> 138 0.00 3013.08 0.00 1
16:43:11.726 -> 139 0.00 3023.46 0.00 1
16:43:21.765 -> 140 0.00 3032.33 0.00 1
