16:09:46.531 -> i) Temp1: ## | Temp2: ## | Pressao: ## | DutyCycle: ## | Estado Compressor: ##
16:09:46.531 -> 0 0.00 0.00 1724.14 0.00 1
16:09:51.270 -> 1 0.00 0.00 1827.02 0.00 1
16:10:01.241 -> 2 0.00 0.00 1954.43 0.00 1
16:10:11.230 -> 3 0.00 0.00 2083.80 0.00 1
16:10:21.255 -> 4 0.00 0.00 2170.37 0.00 1
16:10:31.243 -> 5 0.00 0.00 2249.43 0.00 1
16:10:41.278 -> 6 0.00 0.00 2318.56 0.00 1
16:10:51.265 -> 7 0.00 0.00 2385.71 0.00 1
16:11:01.255 -> 8 0.00 0.00 2443.60 0.00 1
16:11:11.244 -> 9 0.00 0.00 2503.42 0.00 1
16:11:23.246 -> 10 0.00 0.00 2105.94 0.20 1
16:11:33.235 -> 11 0.00 0.00 2629.20 0.20 1
16:11:43.269 -> 12 0.00 0.00 2617.21 0.20 1
16:11:53.241 -> 13 0.00 0.00 2586.69 0.20 1
16:12:03.258 -> 14 0.00 0.00 2493.32 0.20 1
16:12:13.249 -> 15 0.00 0.00 2513.13 0.20 1
16:12:23.239 -> 16 0.00 0.00 2580.74 0.20 1
16:12:33.275 -> 17 0.00 0.00 2756.42 0.20 1
16:12:43.268 -> 18 0.00 0.00 2735.73 0.20 1
16:12:53.281 -> 19 0.00 0.00 2571.56 0.20 1
16:13:03.270 -> 20 0.00 0.00 2566.77 0.20 1
16:13:13.277 -> 21 0.00 0.00 2613.44 0.20 1
16:13:23.272 -> 22 0.00 0.00 2699.26 0.20 1
16:13:33.259 -> 23 0.00 0.00 2819.61 0.20 1
16:13:43.248 -> 24 0.00 0.00 2710.64 0.20 1
16:13:53.281 -> 25 0.00 0.00 2900.99 0.20 1
16:14:03.256 -> 26 0.00 0.00 2819.76 0.20 1
16:14:13.261 -> 27 0.00 0.00 2738.88 0.20 1
16:14:23.278 -> 28 0.00 0.00 2977.63 0.20 1
16:14:33.267 -> 29 0.00 0.00 2987.47 0.20 1
16:14:43.257 -> 30 0.00 0.00 2960.67 0.20 1
16:14:53.290 -> 31 0.00 0.00 2914.12 0.20 1
16:15:03.259 -> 32 0.00 0.00 2985.99 0.20 1
16:15:13.259 -> 33 0.00 0.00 3069.44 0.20 1
16:15:23.280 -> 34 0.00 0.00 2892.08 0.20 1
16:15:33.271 -> 35 0.00 0.00 2976.07 0.20 1
16:15:43.285 -> 36 0.00 0.00 2899.78 0.20 1
16:15:53.284 -> 37 0.00 0.00 2926.58 0.20 1
16:16:03.274 -> 38 0.00 0.00 2913.76 0.20 1
16:16:13.261 -> 39 0.00 0.00 2806.60 0.20 1
16:16:23.263 -> 40 0.00 0.00 2970.03 0.20 1
16:16:33.252 -> 41 0.00 0.00 3098.66 0.20 1
16:16:43.291 -> 42 0.00 0.00 3082.53 0.20 1
16:16:53.278 -> 43 0.00 0.00 3107.86 0.20 1
16:17:03.265 -> 44 0.00 0.00 3057.75 0.20 1
16:17:13.256 -> 45 0.00 0.00 3046.85 0.20 1
16:17:23.289 -> 46 0.00 0.00 3109.46 0.20 1
16:17:33.274 -> 47 0.00 0.00 2839.86 0.20 1
16:17:43.263 -> 48 0.00 0.00 2953.52 0.20 1
16:17:53.300 -> 49 0.00 0.00 2902.98 0.20 1
16:18:03.288 -> 50 0.00 0.00 2879.74 0.20 1
16:18:13.277 -> 51 0.00 0.00 2954.96 0.20 1
16:18:23.266 -> 52 0.00 0.00 2898.11 0.20 1
16:18:33.301 -> 53 0.00 0.00 3038.58 0.20 1
16:18:43.288 -> 54 0.00 0.00 3054.13 0.20 1
16:18:53.276 -> 55 0.00 0.00 3132.47 0.20 1
16:19:03.265 -> 56 0.00 0.00 2989.32 0.20 1
16:19:13.298 -> 57 0.00 0.00 3061.52 0.20 1
16:19:23.286 -> 58 0.00 0.00 3068.51 0.20 1
16:19:33.272 -> 59 0.00 0.00 2964.20 0.20 1
16:19:43.293 -> 60 0.00 0.00 2991.74 0.20 1
16:19:53.281 -> 61 0.00 0.00 3121.74 0.20 1
