18:08:55.655 -> Começo do loop
18:08:55.702 -> i) Temp1: ## | Temp2: ## | Pressao: ## | DutyCycle: ## | Estado Compressor: ##
18:08:55.702 -> 0 0.00 0.00 -3.22 0.00 1
18:09:03.485 -> 1 0.00 0.00 1551.50 0.00 1
18:09:13.472 -> 2 0.00 0.00 1558.09 0.00 1
18:09:23.506 -> 3 0.00 0.00 1574.87 0.00 1
18:09:33.492 -> 4 0.00 0.00 1628.02 0.00 1
18:09:43.480 -> 5 0.00 0.00 1749.44 0.00 1
18:09:53.466 -> 6 0.00 0.00 1871.57 0.00 1
18:10:03.500 -> 7 0.00 0.00 1976.97 0.00 1
18:10:13.487 -> 8 0.00 0.00 2067.79 0.00 1
18:10:23.473 -> 9 0.00 0.00 2142.17 0.00 1
18:10:33.505 -> 10 0.00 0.00 2209.83 0.00 1
18:10:43.489 -> 11 0.00 0.00 2271.43 0.00 1
18:10:53.474 -> 12 0.00 0.00 2338.31 0.00 1
18:11:03.505 -> 13 0.00 0.00 2395.66 0.00 1
18:11:13.492 -> 14 0.00 0.00 2434.39 0.00 1
18:11:23.477 -> 15 0.00 0.00 2484.53 0.00 1
18:11:33.509 -> 16 0.00 0.00 2523.94 0.00 1
18:11:43.493 -> 17 0.00 0.00 2564.98 0.00 1
18:11:53.479 -> 18 0.00 0.00 2605.26 0.00 1
18:12:03.514 -> 19 0.00 0.00 2640.92 0.00 1
18:12:13.502 -> 20 0.00 0.00 2673.21 0.00 1
18:12:23.489 -> 21 0.00 0.00 2706.53 0.00 1
18:12:33.475 -> 22 0.00 0.00 2738.20 0.00 1
18:12:43.508 -> 23 0.00 0.00 2768.86 0.00 1
18:12:53.497 -> 24 0.00 0.00 2797.72 0.00 1
18:13:03.487 -> 25 0.00 0.00 2820.41 0.00 1
18:13:13.474 -> 26 0.00 0.00 2855.98 0.00 1
18:13:23.508 -> 27 0.00 0.00 2876.93 0.00 1
18:13:33.496 -> 28 0.00 0.00 2904.25 0.00 1
18:13:43.484 -> 29 0.00 0.00 2924.58 0.00 1
18:13:53.516 -> 30 0.00 0.00 2935.53 0.00 1
18:14:03.503 -> 31 0.00 0.00 2956.56 0.00 1
18:14:21.507 -> 32 0.00 0.00 2657.13 1.00 1
18:14:31.510 -> 33 0.00 0.00 2702.56 1.00 1
18:14:41.498 -> 34 0.00 0.00 2772.69 1.00 1
18:14:51.488 -> 35 0.00 0.00 2652.39 1.00 1
18:15:01.523 -> 36 0.00 0.00 2941.87 1.00 1
18:15:11.509 -> 37 0.00 0.00 2733.92 1.00 1
18:15:21.497 -> 38 0.00 0.00 2651.67 1.00 1
18:15:31.484 -> 39 0.00 0.00 2736.17 1.00 1
18:15:41.522 -> 40 0.00 0.00 2786.64 1.00 1
18:15:51.515 -> 41 0.00 0.00 2643.43 1.00 1
18:16:01.502 -> 42 0.00 0.00 2801.05 1.00 1
18:16:11.491 -> 43 0.00 0.00 2752.72 1.00 1
18:16:21.527 -> 44 0.00 0.00 2745.33 1.00 1
18:16:31.521 -> 45 0.00 0.00 2828.65 1.00 1
18:16:41.513 -> 46 0.00 0.00 2824.87 1.00 1
18:16:51.503 -> 47 0.00 0.00 2684.87 1.00 1
18:17:01.491 -> 48 0.00 0.00 2795.25 1.00 1
18:17:11.526 -> 49 0.00 0.00 2751.18 1.00 1
18:17:21.516 -> 50 0.00 0.00 2675.53 1.00 1
18:17:31.506 -> 51 0.00 0.00 2767.82 1.00 1
18:17:41.496 -> 52 0.00 0.00 2818.38 1.00 1
18:17:51.531 -> 53 0.00 0.00 2845.56 1.00 1
18:18:01.521 -> 54 0.00 0.00 2739.10 1.00 1
18:18:11.511 -> 55 0.00 0.00 2673.96 1.00 1
18:18:21.500 -> 56 0.00 0.00 2716.52 1.00 1
18:18:31.533 -> 57 0.00 0.00 2698.45 1.00 1
18:18:41.522 -> 58 0.00 0.00 2761.89 1.00 1
18:18:51.509 -> 59 0.00 0.00 2850.14 1.00 1
18:19:01.497 -> 60 0.00 0.00 2579.60 1.00 1
18:19:11.531 -> 61 0.00 0.00 3091.72 1.00 1
18:19:21.517 -> 62 0.00 0.00 2879.10 1.00 1
18:19:31.504 -> 63 0.00 0.00 3164.08 1.00 1
