15:49:28.560 -> Começo do loop
15:49:28.607 -> i) Temp1: ## | Temp2: ## | Pressao: ## | AcaoControle: ## | DutyCycle: ## | REFERENCIA: ## | Estado Compressor: ##
15:49:28.607 -> 0 0.00 0.00 -998.23 0.00 0.00 1799.92 1
15:49:36.420 -> 1 0.00 0.00 1514.83 0.00 0.00 1796.32 1
15:49:49.739 -> 2 0.00 0.00 1571.21 0.32 0.32 1790.01 1
15:49:59.854 -> 3 0.00 0.00 1318.04 0.33 0.33 1785.21 1
15:50:09.600 -> 4 0.00 0.00 1451.99 0.30 0.30 1780.57 1
15:50:19.816 -> 5 0.00 0.00 1458.33 0.31 0.31 1775.77 1
15:50:29.854 -> 6 0.00 0.00 1303.40 0.32 0.32 1770.98 1
15:50:39.720 -> 7 0.00 0.00 1487.67 0.29 0.29 1766.34 1
15:50:49.981 -> 8 0.00 0.00 1399.85 0.32 0.32 1761.46 1
15:50:59.933 -> 9 0.00 0.00 1474.67 0.31 0.31 1756.74 1
15:51:10.086 -> 10 0.00 0.00 1399.25 0.32 0.32 1751.95 1
15:51:20.003 -> 11 0.00 0.00 1469.06 0.30 0.30 1747.23 1
15:51:30.170 -> 12 0.00 0.00 1556.04 0.31 0.31 1742.43 1
15:51:40.347 -> 13 0.00 0.00 1415.57 0.32 0.32 1737.63 1
15:51:50.206 -> 14 0.00 0.00 1338.69 0.31 0.31 1732.92 1
15:52:00.136 -> 15 0.00 0.00 1442.17 0.30 0.30 1728.20 1
15:52:10.338 -> 16 0.00 0.00 1585.46 0.31 0.31 1723.40 1
15:52:20.564 -> 17 0.00 0.00 1359.64 0.33 0.33 1718.52 1
15:52:30.312 -> 18 0.00 0.00 1585.45 0.30 0.30 1713.89 1
15:52:40.693 -> 19 0.00 0.00 1378.42 0.33 0.33 1709.01 1
15:52:50.440 -> 20 0.00 0.00 1234.07 0.30 0.30 1704.37 1
15:53:00.319 -> 21 0.00 0.00 1407.00 0.28 0.28 1699.74 1
15:53:10.571 -> 22 0.00 0.00 1456.18 0.30 0.30 1694.86 1
15:53:20.690 -> 23 0.00 0.00 1549.38 0.31 0.31 1690.06 1
15:53:30.900 -> 24 0.00 0.00 1316.44 0.32 0.32 1685.26 1
15:53:40.616 -> 25 0.00 0.00 1423.12 0.29 0.29 1680.63 1
15:53:50.830 -> 26 0.00 0.00 1183.81 0.30 0.30 1675.83 1
15:54:00.563 -> 27 0.00 0.00 1338.22 0.27 0.27 1671.19 1
15:54:10.789 -> 28 0.00 0.00 1371.87 0.29 0.29 1666.31 1
15:54:20.868 -> 29 0.00 0.00 1264.56 0.29 0.29 1661.60 1
15:54:30.811 -> 30 0.00 0.00 1322.30 0.28 0.28 1656.88 1
15:54:40.932 -> 31 0.00 0.00 1484.66 0.29 0.29 1652.08 1
15:54:51.167 -> 32 0.00 0.00 1189.45 0.31 0.31 1647.20 1
15:55:00.850 -> 33 0.00 0.00 1236.32 0.27 0.27 1642.65 1
15:55:10.971 -> 34 0.00 0.00 1449.40 0.27 0.27 1637.85 1
15:55:21.279 -> 35 0.00 0.00 1283.56 0.30 0.30 1632.97 1
15:55:31.101 -> 36 0.00 0.00 1160.95 0.28 0.28 1628.33 1
15:55:40.986 -> 37 0.00 0.00 1296.17 0.26 0.26 1623.62 1
15:55:51.242 -> 38 0.00 0.00 1522.88 0.28 0.28 1618.82 1
15:56:01.576 -> 39 0.00 0.00 1325.70 0.31 0.31 1613.94 1
15:56:11.347 -> 40 0.00 0.00 1283.21 0.28 0.28 1609.30 1
15:56:21.375 -> 41 0.00 0.00 1294.18 0.28 0.28 1604.51 1
15:56:31.415 -> 42 0.00 0.00 1384.00 0.28 0.28 1599.79 1
15:56:41.615 -> 43 0.00 0.00 1326.30 0.29 0.29 1594.99 1
15:56:51.570 -> 44 0.00 0.00 1283.74 0.28 0.28 1590.28 1
15:57:01.556 -> 45 0.00 0.00 1380.69 0.28 0.28 1585.48 1
15:57:11.750 -> 46 0.00 0.00 1487.24 0.29 0.29 1580.68 1
15:57:21.928 -> 47 0.00 0.00 1181.31 0.30 0.30 1575.88 1
15:57:31.581 -> 48 0.00 0.00 1443.79 0.26 0.26 1571.33 1
15:57:41.969 -> 49 0.00 0.00 1392.18 0.30 0.30 1566.37 1
15:57:51.994 -> 50 0.00 0.00 1478.34 0.29 0.29 1561.65 1
15:58:02.165 -> 51 0.00 0.00 1306.70 0.30 0.30 1556.85 1
15:58:11.970 -> 52 0.00 0.00 1474.35 0.28 0.28 1552.22 1
15:58:22.240 -> 53 0.00 0.00 1318.88 0.30 0.30 1547.34 1
15:58:32.088 -> 54 0.00 0.00 1494.83 0.28 0.28 1542.62 1
15:58:42.361 -> 55 0.00 0.00 1506.07 0.30 0.30 1537.74 1
15:58:52.450 -> 56 0.00 0.00 1348.51 0.31 0.31 1533.03 1
15:59:02.314 -> 57 0.00 0.00 1353.13 0.29 0.29 1528.31 1
15:59:12.345 -> 58 0.00 0.00 1418.70 0.29 0.29 1523.59 1
15:59:22.488 -> 59 0.00 0.00 1501.06 0.30 0.30 1518.79 1
15:59:32.697 -> 60 0.00 0.00 1213.64 0.31 0.31 1514.00 1
15:59:42.358 -> 61 0.00 0.00 1326.97 0.27 0.27 1509.36 1
15:59:52.551 -> 62 0.00 0.00 1270.79 0.28 0.28 1504.56 1
16:00:02.540 -> 63 0.00 0.00 1445.49 0.28 0.28 1499.84 1
16:00:12.800 -> 64 0.00 0.00 1444.11 0.30 0.30 1494.97 1
16:00:22.876 -> 65 0.00 0.00 1485.97 0.30 0.30 1490.17 1
16:00:32.962 -> 66 0.00 0.00 1543.95 0.31 0.31 1485.45 1
16:00:43.101 -> 67 0.00 0.00 1348.49 0.31 0.31 1480.58 1
16:00:52.902 -> 68 0.00 0.00 1221.11 0.29 0.29 1475.94 1
16:01:02.798 -> 69 0.00 0.00 1268.63 0.27 0.27 1471.30 1
16:01:12.944 -> 70 0.00 0.00 1340.21 0.28 0.28 1466.50 1
16:01:23.075 -> 71 0.00 0.00 1293.67 0.29 0.29 1461.71 1
16:01:33.047 -> 72 0.00 0.00 1208.85 0.28 0.28 1456.99 1
16:01:43.022 -> 73 0.00 0.00 1275.55 0.27 0.27 1452.27 1
16:01:53.124 -> 74 0.00 0.00 1164.52 0.28 0.28 1447.47 1
16:02:03.063 -> 75 0.00 0.00 1115.60 0.26 0.26 1442.76 1
16:02:13.031 -> 76 0.00 0.00 1197.97 0.26 0.26 1438.04 1
16:02:23.208 -> 77 0.00 0.00 1311.67 0.27 0.27 1433.24 1
16:02:33.419 -> 78 0.00 0.00 1348.70 0.28 0.28 1428.44 1
16:02:43.488 -> 79 0.00 0.00 1454.78 0.29 0.29 1423.65 1
16:02:53.717 -> 80 0.00 0.00 2106.09 0.30 0.30 1418.85 1
16:03:04.621 -> 81 0.00 0.00 1598.87 0.39 0.39 1413.65 0
16:03:14.036 -> 82 0.00 0.00 1489.66 0.33 0.33 1409.17 0
16:03:23.967 -> 83 0.00 0.00 1439.39 0.31 0.31 1404.46 0
16:03:33.940 -> 84 0.00 0.00 1413.05 0.31 0.31 1399.74 0
16:03:43.997 -> 85 0.00 0.00 1540.53 0.30 0.30 1395.02 0
16:03:54.198 -> 86 0.00 0.00 1562.01 0.32 0.32 1390.15 0
16:04:04.300 -> 87 0.00 0.00 1585.05 0.33 0.33 1385.35 0
16:04:14.397 -> 88 0.00 0.00 1588.44 0.33 0.33 1380.55 0
16:04:24.491 -> 89 0.00 0.00 1515.22 0.33 0.33 1375.83 0
16:04:34.457 -> 90 0.00 0.00 1511.99 0.32 0.32 1371.12 0
16:04:44.511 -> 91 0.00 0.00 1505.29 0.32 0.32 1366.32 0
16:04:54.563 -> 92 0.00 0.00 1496.72 0.32 0.32 1361.52 0
16:05:04.613 -> 93 0.00 0.00 1486.67 0.32 0.32 1356.80 0
16:05:14.652 -> 94 0.00 0.00 1473.63 0.32 0.32 1352.01 0
16:05:24.712 -> 95 0.00 0.00 1466.16 0.32 0.32 1347.29 0
16:05:34.754 -> 96 0.00 0.00 1460.86 0.32 0.32 1342.49 0
16:05:44.831 -> 97 0.00 0.00 1451.26 0.32 0.32 1337.77 0
16:05:54.886 -> 98 0.00 0.00 1446.73 0.32 0.32 1332.98 0
16:06:04.956 -> 99 0.00 0.00 1437.50 0.32 0.32 1328.18 0
