15:18:50.673 -> Começo do loop
15:18:50.673 -> i) Temp1: ## | Temp2: ## | Pressao: ## | DutyCycle: ## | Estado Compressor: ##
15:18:50.720 -> 0 0.00 -50.08 0.20 1
15:19:00.569 -> 1 0.00 1020.96 0.20 1
15:19:10.565 -> 2 0.00 889.45 0.20 1
15:19:20.594 -> 3 0.00 1095.87 0.20 1
15:19:30.569 -> 4 0.00 1080.44 0.20 1
15:19:40.610 -> 5 0.00 844.75 0.20 1
15:19:50.622 -> 6 0.00 1026.46 0.20 1
15:20:00.635 -> 7 0.00 1080.78 0.20 1
15:20:10.634 -> 8 0.00 983.35 0.20 1
15:20:20.621 -> 9 0.00 939.84 0.20 1
15:20:30.656 -> 10 0.00 1087.43 0.20 1
15:20:40.633 -> 11 0.00 1034.53 0.20 1
15:20:50.658 -> 12 0.00 930.02 0.20 1
15:21:00.655 -> 13 0.00 1094.35 0.20 1
15:21:10.693 -> 14 0.00 968.62 0.20 1
15:21:20.697 -> 15 0.00 953.51 0.20 1
15:21:30.688 -> 16 0.00 1067.53 0.20 1
15:21:40.688 -> 17 0.00 871.03 0.20 1
15:21:50.718 -> 18 0.00 1088.69 0.20 1
15:22:00.697 -> 19 0.00 1001.15 0.20 1
15:22:10.739 -> 20 0.00 1048.15 0.20 1
15:22:20.727 -> 21 0.00 1042.27 0.20 1
15:22:30.726 -> 22 0.00 956.71 0.20 1
15:22:40.770 -> 23 0.00 1034.23 0.20 1
15:22:50.761 -> 24 0.00 1128.34 0.20 1
15:23:00.771 -> 25 0.00 1020.98 0.20 1
15:23:10.757 -> 26 0.00 1173.46 0.20 1
15:23:20.801 -> 27 0.00 1310.91 0.20 1
15:23:30.806 -> 28 0.00 1219.92 0.20 1
15:23:40.809 -> 29 0.00 1499.76 0.20 1
15:23:50.808 -> 30 0.00 1530.90 0.20 1
15:24:00.796 -> 31 0.00 1439.66 0.20 1
15:24:10.827 -> 32 0.00 1683.04 0.20 1
15:24:20.816 -> 33 0.00 1531.71 0.20 1
15:24:30.821 -> 34 0.00 1737.56 0.20 1
15:24:40.865 -> 35 0.00 1804.81 0.20 1
15:24:50.861 -> 36 0.00 1666.20 0.20 1
15:25:00.893 -> 37 0.00 1908.46 0.20 1
15:25:10.874 -> 38 0.00 1735.61 0.20 1
15:25:20.910 -> 39 0.00 1971.34 0.20 1
15:25:30.891 -> 40 0.00 1838.21 0.20 1
15:25:40.927 -> 41 0.00 2040.56 0.20 1
15:25:50.906 -> 42 0.00 2034.02 0.20 1
15:26:00.939 -> 43 0.00 1873.55 0.20 1
15:26:10.924 -> 44 0.00 2052.81 0.20 1
15:26:20.913 -> 45 0.00 2053.27 0.20 1
15:26:30.965 -> 46 0.00 2045.95 0.20 1
15:26:40.960 -> 47 0.00 2116.88 0.20 1
15:26:50.969 -> 48 0.00 2050.78 0.20 1
15:27:00.992 -> 49 0.00 2064.98 0.20 1
15:27:10.983 -> 50 0.00 2187.55 0.20 1
15:27:20.971 -> 51 0.00 2166.61 0.20 1
15:27:31.003 -> 52 0.00 2197.04 0.20 1
15:27:40.998 -> 53 0.00 2187.10 0.20 1
15:27:50.993 -> 54 0.00 2289.72 0.20 1
15:28:01.026 -> 55 0.00 2210.88 0.20 1
15:28:11.026 -> 56 0.00 2295.61 0.20 1
15:28:21.058 -> 57 0.00 2285.69 0.20 1
15:28:31.060 -> 58 0.00 2198.39 0.20 1
15:28:41.044 -> 59 0.00 2380.06 0.20 1
15:28:51.044 -> 60 0.00 2349.64 0.20 1
15:29:01.073 -> 61 0.00 2308.74 0.20 1
15:29:11.070 -> 62 0.00 2226.24 0.20 1
15:29:21.073 -> 63 0.00 2257.87 0.20 1
15:29:31.120 -> 64 0.00 2275.88 0.20 1
15:29:41.110 -> 65 0.00 2339.38 0.20 1
15:29:51.108 -> 66 0.00 2404.28 0.20 1
15:30:01.103 -> 67 0.00 2475.75 0.20 1
15:30:11.146 -> 68 0.00 2534.85 0.20 1
15:30:21.128 -> 69 0.00 2499.98 0.20 1
15:30:31.159 -> 70 0.00 2415.30 0.20 1
15:30:41.153 -> 71 0.00 2399.17 0.20 1
15:30:51.183 -> 72 0.00 2563.34 0.20 1
15:31:01.177 -> 73 0.00 2535.56 0.20 1
15:31:11.203 -> 74 0.00 2377.21 0.20 1
15:31:21.189 -> 75 0.00 2595.50 0.20 1
15:31:31.219 -> 76 0.00 2492.48 0.20 1
15:31:41.204 -> 77 0.00 2542.85 0.20 1
15:31:51.239 -> 78 0.00 2474.20 0.20 1
15:32:01.238 -> 79 0.00 2631.69 0.20 1
15:32:11.218 -> 80 0.00 2437.16 0.20 1
15:32:21.243 -> 81 0.00 2608.74 0.20 1
15:32:31.227 -> 82 0.00 2623.89 0.20 1
15:32:41.277 -> 83 0.00 2543.07 0.20 1
15:32:51.252 -> 84 0.00 2519.16 0.20 1
15:33:01.288 -> 85 0.00 2488.78 0.20 1
15:33:11.278 -> 86 0.00 2663.82 0.20 1
15:33:21.311 -> 87 0.00 2501.44 0.20 1
15:33:31.284 -> 88 0.00 2678.27 0.20 1
15:33:41.332 -> 89 0.00 2633.01 0.20 1
15:33:51.316 -> 90 0.00 2574.04 0.20 1
15:34:01.318 -> 91 0.00 2647.02 0.20 1
15:34:11.327 -> 92 0.00 2492.61 0.20 1
15:34:21.338 -> 93 0.00 2626.26 0.20 1
15:34:31.335 -> 94 0.00 2709.68 0.20 1
15:34:41.375 -> 95 0.00 2488.07 0.20 1
15:34:51.371 -> 96 0.00 2711.85 0.20 1
15:35:01.376 -> 97 0.00 2472.22 0.20 1
15:35:11.376 -> 98 0.00 2679.61 0.20 1
15:35:21.402 -> 99 0.00 2650.94 0.20 1
15:35:31.404 -> 100 0.00 2521.36 0.20 1
15:35:41.406 -> 101 0.00 2724.38 0.20 1
15:35:51.433 -> 102 0.00 2729.91 0.20 1
15:36:01.409 -> 103 0.00 2737.14 0.20 1
15:36:11.451 -> 104 0.00 2732.66 0.20 1
15:36:21.442 -> 105 0.00 2517.59 0.20 1
15:36:31.463 -> 106 0.00 2561.69 0.20 1
15:36:41.475 -> 107 0.00 2516.79 0.20 1
15:36:51.494 -> 108 0.00 2515.88 0.20 1
15:37:01.477 -> 109 0.00 2596.57 0.20 1
15:37:11.496 -> 110 0.00 2512.71 0.20 1
15:37:21.501 -> 111 0.00 2523.61 0.20 1
15:37:31.491 -> 112 0.00 2509.15 0.20 1
15:37:41.498 -> 113 0.00 2689.27 0.20 1
15:37:51.510 -> 114 0.00 2739.57 0.20 1
15:38:01.552 -> 115 0.00 2598.90 0.20 1
15:38:11.520 -> 116 0.00 2612.44 0.20 1
15:38:21.532 -> 117 0.00 2719.29 0.20 1
15:38:31.548 -> 118 0.00 2494.50 0.20 1
15:38:41.573 -> 119 0.00 2731.77 0.20 1
15:38:51.592 -> 120 0.00 2611.30 0.20 1
15:39:01.568 -> 121 0.00 2693.66 0.20 1
15:39:11.592 -> 122 0.00 2656.45 0.20 1
15:39:21.610 -> 123 0.00 2606.81 0.20 1
15:39:31.607 -> 124 0.00 2734.05 0.20 1
15:39:41.641 -> 125 0.00 2690.16 0.20 1
15:39:51.636 -> 126 0.00 2534.31 0.20 1
15:40:01.648 -> 127 0.00 2761.01 0.20 1
15:40:11.633 -> 128 0.00 2595.49 0.20 1
15:40:21.668 -> 129 0.00 2708.30 0.20 1
15:40:31.667 -> 130 0.00 2656.78 0.20 1
15:40:41.681 -> 131 0.00 2722.81 0.20 1
15:40:51.663 -> 132 0.00 2568.74 0.20 1
15:41:01.680 -> 133 0.00 2736.91 0.20 1
15:41:11.693 -> 134 0.00 2747.54 0.20 1
15:41:21.683 -> 135 0.00 2596.40 0.20 1
15:41:31.725 -> 136 0.00 2792.19 0.20 1
15:41:41.713 -> 137 0.00 2668.15 0.20 1
15:41:51.746 -> 138 0.00 2552.55 0.20 1
15:42:01.733 -> 139 0.00 2693.03 0.20 1
15:42:11.736 -> 140 0.00 2800.21 0.20 1
15:42:21.753 -> 141 0.00 2769.33 0.20 1
15:42:31.771 -> 142 0.00 2631.19 0.20 1
15:42:41.753 -> 143 0.00 2539.73 0.20 1
15:42:51.774 -> 144 0.00 2817.04 0.20 1
15:43:01.773 -> 145 0.00 2655.15 0.20 1
15:43:11.779 -> 146 0.00 2637.70 0.20 1
15:43:21.806 -> 147 0.00 2799.86 0.20 1
15:43:31.811 -> 148 0.00 2603.11 0.20 1
15:43:41.800 -> 149 0.00 2819.52 0.20 1
15:43:51.838 -> 150 0.00 2631.82 0.20 1
15:44:01.848 -> 151 0.00 2834.48 0.20 1
15:44:11.855 -> 152 0.00 2593.94 0.20 1
15:44:21.840 -> 153 0.00 2826.84 0.20 1
15:44:31.845 -> 154 0.00 2699.70 0.20 1
15:44:41.882 -> 155 0.00 2594.49 0.20 1
15:44:51.887 -> 156 0.00 2789.06 0.20 1
15:45:01.873 -> 157 0.00 2784.53 0.20 1
15:45:11.919 -> 158 0.00 2527.13 0.20 1
15:45:21.925 -> 159 0.00 2654.63 0.20 1
15:45:31.935 -> 160 0.00 2788.68 0.20 1
15:45:41.935 -> 161 0.00 2826.34 0.20 1
15:45:51.925 -> 162 0.00 2614.15 0.20 1
15:46:01.938 -> 163 0.00 2580.24 0.20 1
15:46:11.942 -> 164 0.00 2748.98 0.20 1
15:46:21.969 -> 165 0.00 2741.64 0.20 1
15:46:31.948 -> 166 0.00 2822.14 0.20 1
15:46:41.970 -> 167 0.00 2560.15 0.20 1
15:46:51.991 -> 168 0.00 2744.34 0.20 1
15:47:01.971 -> 169 0.00 2845.50 0.20 1
15:47:12.001 -> 170 0.00 2594.84 0.20 1
15:47:21.990 -> 171 0.00 2795.66 0.20 1
15:47:32.019 -> 172 0.00 2538.07 0.20 1
15:47:42.040 -> 173 0.00 2782.32 0.20 1
15:47:52.029 -> 174 0.00 2580.37 0.20 1
15:48:02.043 -> 175 0.00 2696.92 0.20 1
15:48:12.069 -> 176 0.00 2689.94 0.20 1
15:48:22.038 -> 177 0.00 2650.31 0.20 1
15:48:32.062 -> 178 0.00 2535.57 0.20 1
15:48:42.094 -> 179 0.00 2759.01 0.20 1
15:48:52.080 -> 180 0.00 2815.91 0.20 1
15:49:02.108 -> 181 0.00 2640.90 0.20 1
15:49:12.094 -> 182 0.00 2643.97 0.20 1
15:49:22.118 -> 183 0.00 2739.52 0.20 1
15:49:32.106 -> 184 0.00 2802.33 0.20 1
15:49:42.144 -> 185 0.00 2790.40 0.20 1
15:49:52.126 -> 186 0.00 2770.85 0.20 1
15:50:02.161 -> 187 0.00 2799.81 0.20 1
15:50:12.158 -> 188 0.00 2713.53 0.20 1
15:50:22.181 -> 189 0.00 2549.29 0.20 1
15:50:32.156 -> 190 0.00 2569.57 0.20 1
15:50:42.181 -> 191 0.00 2589.14 0.20 1
15:50:52.198 -> 192 0.00 2745.36 0.20 1
15:51:02.215 -> 193 0.00 2750.45 0.20 1
15:51:12.188 -> 194 0.00 2813.04 0.20 1
15:51:22.217 -> 195 0.00 2897.92 0.20 1
15:51:32.238 -> 196 0.00 2693.15 0.20 1
15:51:42.208 -> 197 0.00 2789.62 0.20 1
