16:35:19.320 -> Começo do loop
16:35:19.367 -> i) Temp1: ## | Temp2: ## | Pressao: ## | AcaoControle: ## | DutyCycle: ## | REFERENCIA: ## | Estado Compressor: ##
16:35:19.367 -> 0 0.00 0.00 -996.01 0.00 0.00 1799.99 1
16:35:27.122 -> 1 0.00 0.00 1811.88 0.00 0.00 1799.54 1
16:35:37.157 -> 2 0.00 0.00 1843.95 0.00 0.00 1798.95 1
16:35:47.198 -> 3 0.00 0.00 1888.30 0.00 0.00 1798.36 1
16:35:57.278 -> 4 0.00 0.00 1924.29 0.00 0.00 1797.77 1
16:36:07.316 -> 5 0.00 0.00 1957.14 0.00 0.00 1797.18 1
16:36:17.352 -> 6 0.00 0.00 1996.63 0.00 0.00 1796.58 1
16:36:27.438 -> 7 0.00 0.00 2028.84 0.00 0.00 1795.99 1
16:36:37.498 -> 8 0.00 0.00 2061.21 0.00 0.00 1795.40 1
16:36:47.540 -> 9 0.00 0.00 2089.85 0.00 0.00 1794.80 1
16:36:57.573 -> 10 0.00 0.00 2117.59 0.00 0.00 1794.21 1
16:37:07.660 -> 11 0.00 0.00 2144.47 0.00 0.00 1793.62 1
16:37:17.694 -> 12 0.00 0.00 2172.71 0.00 0.00 1793.03 1
16:37:27.730 -> 13 0.00 0.00 2196.47 0.00 0.00 1792.43 1
16:37:37.811 -> 14 0.00 0.00 2217.04 0.00 0.00 1791.84 1
16:37:47.862 -> 15 0.00 0.00 2237.18 0.00 0.00 1791.25 1
16:37:57.911 -> 16 0.00 0.00 2252.90 0.00 0.00 1790.66 1
16:38:07.949 -> 17 0.00 0.00 2268.21 0.00 0.00 1790.07 1
16:38:18.030 -> 18 0.00 0.00 2279.73 0.00 0.00 1789.48 1
16:38:28.068 -> 19 0.00 0.00 2294.49 0.00 0.00 1788.89 1
16:38:38.101 -> 20 0.00 0.00 2309.66 0.00 0.00 1788.29 1
16:38:55.126 -> 21 0.00 0.00 2128.96 0.69 0.69 1787.28 0
16:39:02.960 -> 22 0.00 0.00 1987.52 0.47 0.47 1786.82 0
16:39:11.262 -> 23 0.00 0.00 1948.41 0.30 0.30 1786.32 0
16:39:20.876 -> 24 0.00 0.00 1931.55 0.25 0.25 1785.76 0
16:39:30.772 -> 25 0.00 0.00 1914.02 0.24 0.24 1785.17 0
16:39:40.626 -> 26 0.00 0.00 1896.31 0.22 0.22 1784.58 0
16:39:50.522 -> 27 0.00 0.00 1886.00 0.20 0.20 1783.99 0
16:40:00.466 -> 28 0.00 0.00 1874.66 0.19 0.19 1783.41 0
16:40:10.409 -> 29 0.00 0.00 1866.42 0.18 0.18 1782.82 0
16:40:20.399 -> 30 0.00 0.00 1856.96 0.17 0.17 1782.23 0
16:40:30.345 -> 31 0.00 0.00 1849.10 0.16 0.16 1781.64 0
16:40:40.334 -> 32 0.00 0.00 1843.58 0.16 0.16 1781.05 0
16:40:50.339 -> 33 0.00 0.00 1837.46 0.15 0.15 1780.46 0
16:41:00.330 -> 34 0.00 0.00 1830.49 0.15 0.15 1779.87 0
16:41:10.323 -> 35 0.00 0.00 1825.00 0.14 0.14 1779.28 0
16:41:20.360 -> 36 0.00 0.00 1818.57 0.14 0.14 1778.69 0
16:41:30.349 -> 37 0.00 0.00 1814.04 0.13 0.13 1778.10 0
16:41:40.341 -> 38 0.00 0.00 1810.23 0.13 0.13 1777.51 0
16:41:50.374 -> 39 0.00 0.00 1805.86 0.12 0.12 1776.92 0
16:42:00.410 -> 40 0.00 0.00 1803.51 0.12 0.12 1776.33 0
16:42:10.444 -> 41 0.00 0.00 1797.17 0.12 0.12 1775.73 0
16:42:20.434 -> 42 0.00 0.00 1791.85 0.11 0.11 1775.15 0
16:42:30.428 -> 43 0.00 0.00 1787.97 0.11 0.11 1774.56 0
16:42:40.417 -> 44 0.00 0.00 1787.28 0.10 0.10 1773.96 0
16:42:50.504 -> 45 0.00 0.00 1779.66 0.10 0.10 1773.36 0
16:43:00.449 -> 46 0.00 0.00 1776.87 0.09 0.09 1772.78 0
16:43:10.489 -> 47 0.00 0.00 1774.91 0.09 0.09 1772.18 0
16:43:20.527 -> 48 0.00 0.00 1771.50 0.09 0.09 1771.59 0
16:43:30.515 -> 49 0.00 0.00 1767.63 0.09 0.09 1771.00 0
16:43:40.556 -> 50 0.00 0.00 1764.15 0.08 0.08 1770.41 0
16:43:50.550 -> 51 0.00 0.00 1760.11 0.08 0.08 1769.82 0
16:44:00.540 -> 52 0.00 0.00 1759.84 0.07 0.07 1769.23 0
16:44:10.628 -> 53 0.00 0.00 1755.26 0.07 0.07 1768.64 0
16:44:20.618 -> 54 0.00 0.00 1757.01 0.07 0.07 1768.05 0
16:44:30.702 -> 55 0.00 0.00 1754.99 0.07 0.07 1767.46 0
16:44:40.708 -> 56 0.00 0.00 1748.69 0.07 0.07 1766.87 0
16:44:50.704 -> 57 0.00 0.00 1747.78 0.06 0.06 1766.28 0
16:45:00.740 -> 58 0.00 0.00 1745.21 0.06 0.06 1765.69 0
16:45:10.777 -> 59 0.00 0.00 1742.84 0.06 0.06 1765.10 0
16:45:20.766 -> 60 0.00 0.00 1743.34 0.05 0.05 1764.51 0
16:45:30.863 -> 61 0.00 0.00 1741.37 0.05 0.05 1763.90 0
16:45:40.874 -> 62 0.00 0.00 1740.04 0.05 0.05 1763.31 0
16:45:50.907 -> 63 0.00 0.00 1737.29 0.05 0.05 1762.72 0
16:46:00.944 -> 64 0.00 0.00 1737.48 0.05 0.05 1762.13 0
16:46:10.982 -> 65 0.00 0.00 1733.26 0.05 0.05 1761.54 0
16:46:20.972 -> 66 0.00 0.00 1733.03 0.04 0.04 1760.95 0
16:46:31.008 -> 67 0.00 0.00 1738.25 0.04 0.04 1760.36 0
16:46:41.138 -> 68 0.00 0.00 1733.48 0.05 0.05 1759.76 0
16:46:51.142 -> 69 0.00 0.00 1734.67 0.04 0.04 1759.18 0
16:47:01.225 -> 70 0.00 0.00 1735.13 0.04 0.04 1758.58 0
16:47:11.264 -> 71 0.00 0.00 1731.08 0.04 0.04 1757.99 0
16:47:21.258 -> 72 0.00 0.00 1728.82 0.04 0.04 1757.40 0
16:47:31.293 -> 73 0.00 0.00 1738.02 0.03 0.03 1756.81 0
16:47:41.477 -> 74 0.00 0.00 1724.22 0.05 0.05 1756.21 0
16:47:51.330 -> 75 0.00 0.00 1820.37 0.03 0.03 1755.63 0
16:48:02.640 -> 76 0.00 0.00 1725.26 0.15 0.15 1754.96 0
16:48:11.460 -> 77 0.00 0.00 1729.97 0.03 0.03 1754.44 0
16:48:21.594 -> 78 0.00 0.00 1714.36 0.04 0.04 1753.84 0
16:48:31.442 -> 79 0.00 0.00 1848.69 0.02 0.02 1753.26 0
16:48:43.260 -> 80 0.00 0.00 1713.36 0.19 0.19 1752.56 0
16:48:51.560 -> 81 0.00 0.00 1802.70 0.02 0.02 1752.07 0
16:49:02.815 -> 82 0.00 0.00 1705.17 0.14 0.14 1751.41 0
16:49:11.585 -> 83 0.00 0.00 1840.46 0.01 0.01 1750.89 0
16:49:23.454 -> 84 0.00 0.00 1700.35 0.19 0.19 1750.19 0
16:49:31.633 -> 85 0.00 0.00 1834.97 0.01 0.01 1749.71 0
16:49:43.502 -> 86 0.00 0.00 1698.17 0.18 0.18 1749.01 0
16:49:51.755 -> 87 0.00 0.00 1829.92 0.01 0.01 1748.52 0
16:50:03.574 -> 88 0.00 0.00 1691.58 0.18 0.18 1747.83 0
16:50:11.828 -> 89 0.00 0.00 1824.96 0.00 0.00 1747.34 0
16:50:23.646 -> 90 0.00 0.00 1688.57 0.18 0.18 1746.64 0
16:50:31.900 -> 91 0.00 0.00 1820.23 0.00 0.00 1746.16 0
16:50:43.720 -> 92 0.00 0.00 1678.77 0.17 0.17 1745.46 0
16:50:52.018 -> 93 0.00 0.00 1816.26 0.00 0.00 1744.97 0
16:51:03.887 -> 94 0.00 0.00 1678.04 0.18 0.18 1744.27 0
16:51:12.140 -> 95 0.00 0.00 1811.84 0.00 0.00 1743.79 0
16:51:23.974 -> 96 0.00 0.00 1673.07 0.18 0.18 1743.08 0
16:51:32.227 -> 97 0.00 0.00 1807.77 0.00 0.00 1742.59 0
16:51:44.049 -> 98 0.00 0.00 1665.56 0.18 0.18 1741.89 0
16:51:52.347 -> 99 0.00 0.00 1803.89 0.00 0.00 1741.41 0
16:52:04.214 -> 100 0.00 0.00 1666.61 0.18 0.18 1740.71 0
16:52:12.466 -> 101 0.00 0.00 1799.38 0.00 0.00 1740.22 0
16:52:24.284 -> 102 0.00 0.00 1657.52 0.18 0.18 1739.52 0
16:52:32.536 -> 103 0.00 0.00 1794.96 0.00 0.00 1739.04 0
16:52:44.403 -> 104 0.00 0.00 1657.13 0.18 0.18 1738.34 0
16:52:52.655 -> 105 0.00 0.00 1790.73 0.00 0.00 1737.85 0
16:53:04.474 -> 106 0.00 0.00 1653.82 0.18 0.18 1737.15 0
16:53:12.776 -> 107 0.00 0.00 1786.40 0.00 0.00 1736.67 0
16:53:24.549 -> 108 0.00 0.00 1647.32 0.17 0.17 1735.97 0
16:53:32.848 -> 109 0.00 0.00 1783.04 0.00 0.00 1735.48 0
16:53:44.719 -> 110 0.00 0.00 1644.64 0.18 0.18 1734.78 0
16:53:52.971 -> 111 0.00 0.00 1779.25 0.00 0.00 1734.30 0
16:54:04.795 -> 112 0.00 0.00 1641.33 0.18 0.18 1733.60 0
16:54:13.065 -> 113 0.00 0.00 1775.95 0.00 0.00 1733.10 0
